[putting]
startx1 = 10
startx2 = 180
y1 = 180
y2 = 450
radius = 0
flip = 0
darkness = 21
mjpeg = 0
ps4 = 0
fps = 0
height = 0
width = 0

[fisheye]
k = [[533.9150184    0.         306.70873618]
	[  0.         533.29784838 222.121119  ]
	[  0.           0.           1.        ]]
d = [[ -0.37118873]
	[  4.77415814]
	[-32.99570417]
	[ 79.58185241]]
scaled_k = [[533.9150184    0.         306.70873618]
	[  0.         533.29784838 222.121119  ]
	[  0.           0.           1.        ]]

[camera_properties]
brightness = -44.0
contrast = 39.0
hue = -89.0
saturation = 65.0
exposure = -7.0
auto_exposure = -1.0
gamma = 233.0
gain = -1.0
webcamindex = 0

