[putting]
startx1 = 26
startx2 = 126
y1 = 205
y2 = 285
radius = 0
flip = 0
darkness = 7
mjpeg = 0
ps4 = 0
fps = 0
height = 0
width = 0

[fisheye]
k = [[533.9150184    0.         306.70873618]
	[  0.         533.29784838 222.121119  ]
	[  0.           0.           1.        ]]
d = [[ -0.37118873]
	[  4.77415814]
	[-32.99570417]
	[ 79.58185241]]
scaled_k = [[533.9150184    0.         306.70873618]
	[  0.         533.29784838 222.121119  ]
	[  0.           0.           1.        ]]

[camera_properties]
brightness = 12.0
contrast = 57.0
hue = 125.0
saturation = 65.0
exposure = -7.0
auto_exposure = -1.0
gamma = 449.0
gain = -1.0
webcamindex = 0

