[putting]
startx1 = 26
startx2 = 126
y1 = 205
y2 = 285
radius = 0
flip = 0
darkness = 61
mjpeg = 0
ps4 = 0
fps = 0
height = 0
width = 0
customhsv = {'hmin': 101, 'smin': 155, 'vmin': 172, 'hmax': 115, 'smax': 183, 'vmax': 225}

[Stimp_Adjust]
stimp = 0.73

[fisheye]
k = [[546.92968129   0.         305.20376264]
	[  0.         545.94616088 240.07233968]
	[  0.           0.           1.        ]]
d = [[-0.09555706]
	[ 0.13416258]
	[-0.59505532]
	[ 0.94243098]]
scaled_k = [[546.92968129   0.         305.20376264]
	[  0.         545.94616088 240.07233968]
	[  0.           0.           1.        ]]

[camera_properties]
brightness = 3.0
contrast = 54.0
hue = 22.0
saturation = 65.0
exposure = -7.0
auto_exposure = -1.0
gamma = 449.0
gain = -1.0
webcamindex = 0

