[putting]
startx1 = 10
startx2 = 180
y1 = 180
y2 = 450
radius = 0
flip = 0
darkness = 0
mjpeg = 1
ps4 = 0
fps = 0
height = 0
width = 0

[fisheye]
k = [[543.96260402   0.         261.66539389]
	 [  0.         529.40469968 149.99692113]
	 [  0.           0.           1.        ]]
d = [[-0.05400192]
	 [ 0.37827974]
	 [-0.82269739]
	 [ 0.54626067]]
scaled_k = [[543.96260402   0.         261.66539389]
	 [  0.         529.40469968 149.99692113]
	 [  0.           0.           1.        ]]

